



mea_red <- "#C2002F"
mea_green <- "#00A651"
mea_blue <- "#003057"
mea_gray <- "#3F3F3F"
line_size <- 1.25
text_size <- 10
